#Individual 1
39.9685
0.6948 
#Individual 2
54.0234,-9.5823,-20.0447
1.9668 ,1.0517 ,0.9643 
#Individual 3
55.4377,9.4808 ,-9.5352
4.3055 ,3.6374 ,0.8352 
#Individual 4
16.6360,15.2208
1.3908 ,0.3961 
#Individual 5
88.1633,23.7783,-35.4539
68.0101,0.9235 ,0.6329 
#Individual 6
34.7999,27.3441,20.2833,16.9803,-25.7727
2.4921 ,1.8529 ,1.7587 ,0.7288 ,0.2457 
#Individual 7
28.6631
0.6662 
#Individual 8
28.6601,20.3786,-3.1268,-10.5421,-20.9346
23.3706,4.7044 ,3.1155 ,1.5748 ,0.7941 
#Individual 9
21.1671,13.6570,-5.7450
3.9132 ,1.9734 ,0.7712 
#Individual 10
22.1159,18.9520,7.5542 
14.2588,7.4530 ,2.1916 
#Individual 11
13.6887,10.4626,-4.8499,-15.4161
5.9086 ,1.2034 ,0.9352 ,0.7976 
#Individual 12
31.3087,-6.0917
1.1364 ,0.5262 
#Individual 13
26.0702,15.2633,0.9151 
1.3113 ,0.9865 ,0.4437 
#Individual 14
53.3392,36.2620
6.8038 ,1.3880 
#Individual 15
47.6204,35.9412,-7.9853,-19.2608
10.0995,1.8761 ,1.0004 ,0.7443 
#Individual 16
19.3769,8.3890 ,5.6809 
2.8631 ,1.7336 ,0.8449 
#Individual 17
33.2412,3.8591 
1.2688 ,0.8972 
#Individual 18
53.5192,11.9913
0.7709 ,0.3764 
#Individual 19
37.0334,28.3705,4.4807 ,-17.7591,-28.1548
14.3823,12.4625,6.4877 ,4.5915 ,2.5959 
#Individual 20
51.8941,-6.6186
1.4196 ,0.6480 
#Individual 21
45.5409,23.9655,11.5074,-10.2292,-12.1379
28.8645,4.0772 ,2.4915 ,2.0899 ,1.6298 
#Individual 22
33.6982,-6.2022
1.5714 ,1.0272 
#Individual 23
30.5134,14.4695
4.6913 ,0.2909 
#Individual 24
40.2739,15.6587,-14.2501
5.7123 ,1.3149 ,1.1961 
#Individual 25
15.8353,3.1723 
0.8414 ,0.2610 
#Individual 26
29.1320,22.6904,-37.5029
3.5138 ,1.6525 ,0.9651 
#Individual 27
54.0699
0.8130 
#Individual 28
32.8668,-13.3075
1.6074 ,1.0443 
#Individual 29
47.1073,5.1829 
0.9338 ,0.7761 
#Individual 30
25.0755,17.8781,-13.9054
2.7767 ,1.0142 ,0.3652 
#Individual 31
58.6382,31.8633,5.5563 
0.8054 ,0.7067 ,0.2056 
#Individual 32
18.5627,-19.5159,-26.8970,-33.3276
6.6288 ,2.3053 ,1.0135 ,0.3500 
#Individual 33
11.7226,-7.1280,-7.9349
10.6153,1.0052 ,0.8238 
#Individual 34
33.8666,31.9170,11.9399
23.4173,6.2297 ,0.3437 
#Individual 35
-5.1238,-6.7876,-7.2687
14.0034,1.1621 ,0.2375 
#Individual 36
23.7281,20.8548,19.9500,-2.2701
4.8910 ,1.1272 ,1.1247 ,0.8626 
#Individual 37
24.3079
0.6963 
#Individual 38
28.6562,-3.0754
1.3290 ,0.4638 
#Individual 39
41.3483,13.2592,1.8395 
1.5190 ,1.5020 ,0.6028 
#Individual 40
40.7329,25.5259,22.5236,18.0674,2.8632 ,-8.3352,-23.7992
6.8805 ,4.1273 ,2.9289 ,1.5770 ,1.3279 ,0.9097 ,0.3620 
#Individual 41
9.1609 ,7.1316 ,-6.2126
2.1727 ,1.8426 ,1.7299 
#Individual 42
47.7057,-3.7843,-5.5062,-8.7215,-11.2116
3.3881 ,2.6236 ,2.1091 ,1.1894 ,0.1584 
#Individual 43
42.0062,10.5961,-17.6890
0.9606 ,0.4417 ,0.3872 
#Individual 44
40.3863,-28.4178
0.5088 ,0.3369 
#Individual 45
31.8435,9.4115 ,4.5760 
12.9895,2.8422 ,0.5748 
#Individual 46
22.7660,6.8816 ,-10.9242
3.2734 ,2.9315 ,2.8333 
#Individual 47
22.9365,20.1260
30.0019,0.9115 
#Individual 48
23.7219,-0.6121
0.9799 ,0.4105 
#Individual 49
20.6713,20.2661,18.1536,13.4777,-15.6252
30.5632,9.4736 ,3.6802 ,0.7647 ,0.4438 
#Individual 50
36.5298,18.9507,5.3207 ,-6.1544
2.4145 ,1.7211 ,1.4801 ,0.5601 
#Individual 51
37.0883,23.4367
17.0550,0.2348 
#Individual 52
24.5435,18.4032,17.1183,14.2898
1.7224 ,1.5795 ,0.8368 ,0.8132 
#Individual 53
20.8633,-12.0244
0.3614 ,0.3475 
#Individual 54
34.7793,27.2863,16.5748,-0.0658
7.2928 ,3.3053 ,2.2458 ,1.2832 
#Individual 55
25.4721
1.6552 
#Individual 56
15.5123,-15.9900
1.2594 ,0.9241 
#Individual 57
29.8138,16.0289
7.1084 ,1.1154 
#Individual 58
38.8183,0.5604 ,-10.6940
1.4656 ,0.7010 ,0.5601 
#Individual 59
44.1703,13.0096,-1.8006,-3.0988,-4.0817
38.5323,5.9231 ,3.4297 ,1.0004 ,0.8524 
#Individual 60
20.4048,8.7618 ,1.8530 ,-39.2090
1.4950 ,0.8839 ,0.5197 ,0.5003 
#Individual 61
31.6664,17.1264,-1.1159
2.1553 ,0.7717 ,0.4418 
#Individual 62
30.4606
0.2504 
#Individual 63
17.1510,12.9672,8.0843 ,1.8588 
3.9189 ,2.9552 ,2.0639 ,1.1817 
#Individual 64
43.3197,-29.4926
2.0720 ,1.9314 
#Individual 65
32.6598,15.4102,6.1359 
1.0260 ,0.3733 ,0.2236 
#Individual 66
23.5230,22.5029,22.1099,15.4318,-0.4338,-9.1078
4.4199 ,4.3679 ,3.5646 ,0.9515 ,0.9456 ,0.4900 
#Individual 67
19.8546,19.8277,-2.8969,-3.9928,-9.5645
4.7448 ,4.4235 ,4.3291 ,4.2923 ,0.3921 
#Individual 68
35.4166,19.8921
2.8415 ,0.9497 
#Individual 69
30.0693,28.3151
2.1775 ,0.3986 
#Individual 70
39.0718,20.7535,-3.2934
2.0180 ,1.2903 ,1.0321 
#Individual 71
53.6137,20.2610,12.8122
38.8891,6.6131 ,0.6015 
#Individual 72
51.6239,38.8651,12.4759,11.1028
5.8087 ,2.5946 ,2.2996 ,1.6192 
#Individual 73
64.2312,20.3849,15.4829
12.3274,3.7618 ,0.5328 
#Individual 74
36.4540
0.8043 
#Individual 75
62.7835,28.5142
29.7161,1.3696 
#Individual 76
84.8570,-19.3658
0.7958 ,0.2864 
#Individual 77
21.6964,13.6841
21.9453,2.4321 
#Individual 78
26.9869,22.3564,21.7583,-3.6621,-4.2330
7.1994 ,4.5308 ,3.0765 ,2.2371 ,0.4496 
#Individual 79
22.0764,21.8287
3.2138 ,0.7954 
#Individual 80
39.5317,12.4059
6.2755 ,0.2693 
#Individual 81
34.4158,13.4412,-3.3608,-4.3133
12.0389,9.8069 ,5.8652 ,1.1511 
#Individual 82
24.5935
0.5755 
#Individual 83
32.7134,23.2153,8.0362 
24.9767,23.6046,0.9020 
#Individual 84
28.2276,22.0424,14.3391
2.7861 ,1.6092 ,0.2131 
#Individual 85
29.5187,21.4845,21.4412,19.3900,16.5275
27.7827,13.7486,9.5862 ,2.7966 ,0.5433 
#Individual 86
57.7688,40.1936,12.5933,6.4354 ,2.0456 
2.8596 ,2.5769 ,1.5306 ,1.0483 ,0.6661 
#Individual 87
18.6796,-3.3266
1.3309 ,1.2850 
#Individual 88
33.7323,32.6354,30.9144,-7.1717
15.1493,8.6383 ,1.8252 ,0.6715 
#Individual 89
23.5211,16.4916,-12.0249
11.6020,2.3759 ,1.3725 
#Individual 90
50.8356,41.0378,17.8867,17.6703,6.0379 
11.0463,11.0395,6.3236 ,2.2303 ,0.9224 
#Individual 91
30.1557,7.1334 
0.4543 ,0.3110 
#Individual 92
30.8920,-11.9969,-36.7026
1.6361 ,0.8830 ,0.5116 
#Individual 93
19.8500,14.5725,-12.6075
2.3974 ,0.9263 ,0.2072 
#Individual 94
45.0717,26.3757
10.3956,0.4275 
#Individual 95
43.1394,24.5991,17.2124,-3.4819
19.7450,3.2814 ,1.2056 ,1.0039 
#Individual 96
19.3660,12.5655,12.5508,11.1704,1.0930 ,-3.5835
4.3752 ,2.7098 ,0.9051 ,0.7888 ,0.6169 ,0.2418 
#Individual 97
24.3741,18.6524,4.4327 
2.0869 ,1.7505 ,1.4039 
#Individual 98
19.1024,16.4177,-1.1930,-4.3987
4.2033 ,2.6983 ,0.3772 ,0.1991 
#Individual 99
33.5657,14.0572,12.2148
7.7727 ,1.9045 ,1.1331 
#Individual 100
19.7503
1.1430 
